0.2787
-2.7498
-2.0006
0.016
-3.8829
-10.7296
-1.34
1.0602
3.7225
-2.3498
-4.2786
-3.3452
-1.1362
2.1105
-6.821
3.2028
0.66
-0.9091
-2.7043
-0.2408
0.5935
-3.1714
-4.0522
8.2575
1.8704
8.3476
8.2141
-0.2214
4.0941
4.9616
-5.2803
-1.8797
0.5724
1.5991
1.4024
2.723
0.4178
-2.3057
0.3558
2.4352
-2.0504
3.8061
-1.7595
0.3597
-2.9326
3.0107
4.115
-1.4915
4.7019
-0.5141
-1.2455
0.9799
-2.9132
2.4154
-2.7895
1.2497
-2.3458
-0.768
0.2782
0.5748
1.4745
0.748
-0.8476
-1.6818
-2.1689
-0.0881
-7.1789
1.6023
-1.7621
3.5695
2.0123
-2.4414
5.3802
-2.7894
-0.0419
-0.0723
7.891
3.2414
-2.6296
1.1533
-1.6726
6.3822
-5.331
-6.8784
-1.1413
2.9071
0.177
-0.3272
2.1263
3.6019
-2.5128
4.546
-0.3587
3.7986
-4.6884
-0.4071
-0.6266
-1.384
-2.6874
-1.0722
